136
322
338
217
253
45
17
518
79
155
778
51
210
300
286
133
215
621
235
22
543
853
74
152
743
150
211
1448
78
23
190
15
90
684
70
138
261
131
1143
121
271
1046
19
97
54
355
312
678
10
2
567
141
21
124
146
746
846
435
105
56
252
695
43
134
115
787
73
213
7
110
323
33
48
39
572
62
102
53
212
309
268
20
1851
297
1
371
104
208
143
100
242
49
703
200
127
242
50
55
36
125
84
191
295
25
207
416
199
11
206
153
981
46
875
347
3
238
57
2013
994
704
230
239
287
1584
66
72
329
4
332
91
98
76
226
128
202
494
40
973
269
42
647
167
1899
139
5
130
739
417
763
198
